% logfile for Python side
% 1 time (sec)
% 2 Mission state
% 3,4,5 (x,y,h) (m,m,rad)
% 6 Camera frame count
% 7-9 Line sensor: line position, e*kp, control y (rad/s), validCnt
%     Line sensor: Kp=1.0, tau_z=0.8s, tau_p=0.25s
% 10,11 trip A (distance and heading change)
% 12,13 trip B (distance and heading change)
% 1770989662.6945019 robobot/cmd/ti log 1
% 1770989662.6945705 robobot/cmd/ti alive 2026-02-13 14:34:22.677207
1770989662.7418659 0 0.000 0.000 0.000 0 0.00 0.00 0.000 0.000 0 0.000 0.000 0.0000 0.0000
1770989662.7890477 0 0.000 0.000 0.000 0 0.00 0.00 0.000 0.000 0 0.000 0.000 0.0000 0.0000
1770989662.7913475 0 0.000 0.000 0.000 0 0.00 0.00 0.000 0.000 0 0.000 0.000 0.0000 0.0000
1770989662.8414288 0 0.000 0.000 0.000 0 0.00 0.00 0.000 0.000 0 0.000 0.000 0.0000 0.0000
1770989662.8893125 0 0.000 0.000 0.000 0 0.00 0.00 0.000 0.000 0 0.000 0.000 0.0000 0.0000
1770989662.8914578 0 0.000 0.000 0.000 0 0.00 0.00 0.000 0.000 0 0.000 0.000 0.0000 0.0000
1770989662.9418259 0 0.000 0.000 0.000 0 0.00 0.00 0.000 0.000 0 0.000 0.000 0.0000 0.0000
1770989662.9896119 0 0.000 0.000 0.000 0 0.00 0.00 0.000 0.000 0 0.000 0.000 0.0000 0.0000
1770989662.9918597 0 0.000 0.000 0.000 0 0.00 0.00 0.000 0.000 0 0.000 0.000 0.0000 0.0000
1770989663.0419385 0 0.000 0.000 0.000 0 0.00 0.00 0.000 0.000 0 0.000 0.000 0.0000 0.0000
1770989663.0898247 0 0.000 0.000 0.000 0 0.00 0.00 0.000 0.000 0 0.000 0.000 0.0000 0.0000
1770989663.0920246 0 0.000 0.000 0.000 0 0.00 0.00 0.000 0.000 0 0.000 0.000 0.0000 0.0000
1770989663.1421201 0 0.000 0.000 0.000 0 0.00 0.00 0.000 0.000 0 0.000 0.000 0.0000 0.0000
1770989663.189895 0 0.000 0.000 0.000 0 0.00 0.00 0.000 0.000 0 0.000 0.000 0.0000 0.0000
1770989663.192098 0 0.000 0.000 0.000 0 0.00 0.00 0.000 0.000 0 0.000 0.000 0.0000 0.0000
% 1770989663.1955454 robobot/cmd/ti alive 2026-02-13 14:34:22.677207
% 1770989663.2358747 robobot/cmd/T0 enc0
% 1770989663.2360065 robobot/cmd/T0 confw 0.074 0.074 19 92 0.23
% 1770989663.2361677 robobot/cmd/T0 confi
1770989663.242559 0 0.000 0.000 0.000 0 0.00 0.00 0.000 0.000 0 0.000 0.000 0.0000 0.0000
1770989663.2896855 0 0.000 0.000 0.000 0 0.00 0.00 0.000 0.000 0 0.000 0.000 0.0000 0.0000
1770989663.2929437 0 0.000 0.000 0.000 0 0.00 0.00 0.000 0.000 0 0.000 0.000 0.0000 0.0000
1770989663.343063 0 0.000 0.000 0.000 0 0.00 0.00 0.000 0.000 0 0.000 0.000 0.0000 0.0000
% 1770989663.3638227 robobot/cmd/T0 lip 1
% 1770989663.3640125 robobot/cmd/T0 sub livn 10
% 1770989663.3843749 robobot/cmd/T0 liwi
1770989663.389699 0 0.000 0.000 0.000 1 0.00 0.00 0.000 0.000 0 0.000 0.000 0.0000 0.0000
1770989663.3930874 0 0.000 0.000 0.000 1 0.00 0.00 0.000 0.000 0 0.000 0.000 0.0000 0.0000
% 1770989663.404594 robobot/cmd/T0 leds 16 30 30 0
% 1770989663.404741 robobot/cmd/T0 leds 16 0 100 0
% 1770989663.4048781 robobot/cmd/ti rc 0.2 0.0
% 1770989663.4050274 robobot/cmd/T0 servo 1 -800 300
1770989663.4427412 0 0.002 0.000 0.002 1 0.00 0.00 0.000 0.000 0 0.000 0.002 0.0004 0.0023
1770989663.4894686 0 0.005 0.000 0.001 1 0.00 0.00 0.000 0.000 0 0.004 0.001 0.0042 0.0012
1770989663.4927294 0 0.006 0.000 0.001 1 0.00 0.00 0.000 0.000 0 0.004 0.001 0.0042 0.0012
1770989663.5426106 0 0.014 0.000 -0.005 1 0.00 0.00 0.000 0.000 0 0.011 -0.005 0.0115 -0.0046
1770989663.5891986 0 0.024 -0.000 -0.008 1 0.00 0.00 0.000 0.000 0 0.021 -0.008 0.0211 -0.0081
1770989663.5925918 0 0.025 -0.000 -0.009 1 0.00 0.00 0.000 0.000 0 0.023 -0.009 0.0228 -0.0093
1770989663.6429594 0 0.036 -0.000 -0.013 1 0.00 0.00 0.000 0.000 0 0.033 -0.013 0.0335 -0.0127
1770989663.689916 0 0.045 -0.000 -0.020 1 0.00 0.00 0.000 0.000 0 0.043 -0.020 0.0433 -0.0197
1770989663.6932023 0 0.046 -0.000 -0.022 1 0.00 0.00 0.000 0.000 0 0.043 -0.022 0.0433 -0.0220
% 1770989663.6962473 robobot/cmd/ti alive 2026-02-13 14:34:22.677207
1770989663.742413 0 0.057 -0.001 -0.041 1 0.00 0.00 0.000 0.000 0 0.053 -0.041 0.0532 -0.0405
1770989663.7898412 0 0.066 -0.001 -0.050 1 0.00 0.00 0.000 0.000 0 0.064 -0.050 0.0638 -0.0497
1770989663.793123 0 0.068 -0.001 -0.049 1 0.00 0.00 0.000 0.000 0 0.065 -0.049 0.0649 -0.0486
1770989663.8424845 0 0.080 -0.002 -0.047 1 0.00 0.00 0.000 0.000 0 0.076 -0.047 0.0763 -0.0474
1770989663.889463 0 0.090 -0.002 -0.051 1 0.00 0.00 0.000 0.000 0 0.086 -0.051 0.0862 -0.0509
1770989663.8938122 0 0.091 -0.002 -0.051 1 0.00 0.00 0.000 0.000 0 0.086 -0.051 0.0862 -0.0509
1770989663.944097 0 0.102 -0.003 -0.050 1 0.00 0.00 0.000 0.000 0 0.095 -0.050 0.0955 -0.0497
1770989663.9892983 0 0.113 -0.004 -0.043 1 0.00 0.00 0.000 0.000 0 0.106 -0.043 0.1055 -0.0428
1770989663.9936671 0 0.114 -0.004 -0.046 1 0.00 0.00 0.000 0.000 0 0.106 -0.046 0.1063 -0.0463
1770989664.0438018 0 0.125 -0.004 -0.036 1 0.00 0.00 0.000 0.000 0 0.115 -0.036 0.1155 -0.0359
1770989664.0896642 0 0.136 -0.004 -0.023 1 0.00 0.00 0.000 0.000 0 0.126 -0.023 0.1256 -0.0231
1770989664.0939198 0 0.136 -0.004 -0.023 1 0.00 0.00 0.000 0.000 0 0.126 -0.023 0.1256 -0.0231
1770989664.1440537 0 0.146 -0.004 -0.018 1 0.00 0.00 0.000 0.000 0 0.136 -0.018 0.1360 -0.0185
1770989664.1901681 0 0.155 -0.005 -0.013 1 0.00 0.00 0.000 0.000 0 0.144 -0.013 0.1444 -0.0127
1770989664.1934595 0 0.156 -0.005 -0.014 1 0.00 0.00 0.000 0.000 0 0.146 -0.014 0.1462 -0.0139
% 1770989664.196977 robobot/cmd/ti alive 2026-02-13 14:34:22.677207
1770989664.2436857 0 0.166 -0.005 0.000 1 0.00 0.00 0.000 0.000 0 0.154 0.000 0.1542 0.0000
1770989664.289497 0 0.175 -0.005 0.012 1 0.00 0.00 0.000 0.000 0 0.163 0.012 0.1632 0.0116
1770989664.2938075 0 0.175 -0.005 0.008 1 0.00 0.00 0.000 0.000 0 0.163 0.008 0.1632 0.0081
1770989664.344053 0 0.187 -0.004 0.021 1 0.00 0.00 0.000 0.000 0 0.172 0.021 0.1723 0.0208
1770989664.390058 0 0.194 -0.004 0.007 1 0.00 0.00 0.000 0.000 0 0.182 0.007 0.1822 0.0069
1770989664.3943603 0 0.195 -0.004 0.012 1 0.00 0.00 0.000 0.000 0 0.184 0.012 0.1838 0.0116
1770989664.4445114 0 0.204 -0.004 0.005 1 0.00 0.00 0.000 0.000 0 0.193 0.005 0.1932 0.0046
1770989664.4894059 0 0.212 -0.004 -0.006 1 0.00 0.00 0.000 0.000 0 0.202 -0.006 0.2022 -0.0058
1770989664.4936893 0 0.213 -0.004 -0.006 1 0.00 0.00 0.000 0.000 0 0.202 -0.006 0.2022 -0.0058
1770989664.5438595 0 0.222 -0.004 -0.018 1 0.00 0.00 0.000 0.000 0 0.212 -0.018 0.2117 -0.0185
1770989664.5898073 0 0.231 -0.005 -0.020 1 0.00 0.00 0.000 0.000 0 0.222 -0.020 0.2223 -0.0197
1770989664.595155 0 0.231 -0.005 -0.023 1 0.00 0.00 0.000 0.000 0 0.223 -0.023 0.2229 -0.0231
1770989664.6442053 0 0.242 -0.005 -0.017 1 0.00 0.00 0.000 0.000 0 0.233 -0.017 0.2328 -0.0173
1770989664.6902163 0 0.250 -0.005 -0.025 1 0.00 0.00 0.000 0.000 0 0.241 -0.025 0.2414 -0.0254
1770989664.6944516 0 0.252 -0.005 -0.017 1 0.00 0.00 0.000 0.000 0 0.241 -0.017 0.2414 -0.0173
% 1770989664.6977131 robobot/cmd/ti alive 2026-02-13 14:34:22.677207
1770989664.744856 0 0.263 -0.005 -0.014 1 0.00 0.00 0.000 0.000 0 0.253 -0.014 0.2528 -0.0139
1770989664.789698 0 0.272 -0.005 -0.015 1 0.00 0.00 0.000 0.000 0 0.262 -0.015 0.2620 -0.0150
1770989664.795151 0 0.272 -0.005 -0.022 1 0.00 0.00 0.000 0.000 0 0.263 -0.022 0.2632 -0.0220
1770989664.845316 0 0.282 -0.006 -0.025 1 0.00 0.00 0.000 0.000 0 0.272 -0.025 0.2718 -0.0254
1770989664.890361 0 0.293 -0.006 -0.006 1 0.00 0.00 0.000 0.000 0 0.283 -0.006 0.2831 -0.0058
1770989664.8946664 0 0.294 -0.006 -0.009 1 0.00 0.00 0.000 0.000 0 0.283 -0.009 0.2831 -0.0093
1770989664.9447916 0 0.304 -0.006 -0.004 1 0.00 0.00 0.000 0.000 0 0.293 -0.003 0.2934 -0.0035
1770989664.9909163 0 0.312 -0.006 -0.009 1 0.00 0.00 0.000 0.000 0 0.300 -0.009 0.3004 -0.0093
1770989664.9952798 0 0.314 -0.006 -0.001 1 0.00 0.00 0.000 0.000 0 0.302 -0.001 0.3020 -0.0012
1770989665.0447268 0 0.323 -0.006 0.009 1 0.00 0.00 0.000 0.000 0 0.311 0.009 0.3109 0.0093
1770989665.0910478 0 0.333 -0.006 0.021 1 0.00 0.00 0.000 0.000 0 0.322 0.021 0.3220 0.0208
1770989665.095505 0 0.334 -0.006 0.017 1 0.00 0.00 0.000 0.000 0 0.322 0.017 0.3220 0.0173
1770989665.1452787 0 0.344 -0.006 0.018 1 0.00 0.00 0.000 0.000 0 0.332 0.018 0.3321 0.0185
1770989665.1910446 0 0.353 -0.005 0.020 1 0.00 0.00 0.000 0.000 0 0.340 0.020 0.3398 0.0197
1770989665.1953485 0 0.354 -0.005 0.025 1 0.00 0.00 0.000 0.000 0 0.342 0.025 0.3423 0.0254
% 1770989665.1984868 robobot/cmd/ti alive 2026-02-13 14:34:22.677207
1770989665.2461846 0 0.365 -0.005 0.032 1 0.00 0.00 0.000 0.000 0 0.352 0.032 0.3519 0.0324
1770989665.2904692 0 0.374 -0.005 0.030 1 0.00 0.00 0.000 0.000 0 0.361 0.030 0.3614 0.0301
1770989665.2957537 0 0.374 -0.005 0.028 1 0.00 0.00 0.000 0.000 0 0.361 0.028 0.3614 0.0278
1770989665.3459847 0 0.385 -0.004 0.032 1 0.00 0.00 0.000 0.000 0 0.373 0.032 0.3728 0.0324
1770989665.3905284 0 0.394 -0.004 0.035 1 0.00 0.00 0.000 0.000 0 0.379 0.035 0.3795 0.0347
1770989665.3959703 0 0.395 -0.004 0.039 1 0.00 0.00 0.000 0.000 0 0.381 0.039 0.3811 0.0393
1770989665.4461322 0 0.404 -0.004 0.024 1 0.00 0.00 0.000 0.000 0 0.391 0.024 0.3910 0.0243
1770989665.4909928 0 0.413 -0.003 0.031 1 0.00 0.00 0.000 0.000 0 0.401 0.031 0.4009 0.0312
1770989665.4963164 0 0.413 -0.003 0.028 1 0.00 0.00 0.000 0.000 0 0.401 0.028 0.4009 0.0278
1770989665.545509 0 0.424 -0.003 0.036 1 0.00 0.00 0.000 0.000 0 0.411 0.036 0.4106 0.0359
1770989665.5904875 0 0.433 -0.003 0.034 1 0.00 0.00 0.000 0.000 0 0.420 0.034 0.4198 0.0335
1770989665.5958164 0 0.434 -0.003 0.031 1 0.00 0.00 0.000 0.000 0 0.420 0.031 0.4204 0.0312
1770989665.646016 0 0.443 -0.002 0.025 1 0.00 0.00 0.000 0.000 0 0.430 0.025 0.4301 0.0254
1770989665.6908567 0 0.453 -0.002 0.032 1 0.00 0.00 0.000 0.000 0 0.441 0.032 0.4408 0.0324
1770989665.696248 0 0.453 -0.002 0.028 1 0.00 0.00 0.000 0.000 0 0.441 0.028 0.4408 0.0278
% 1770989665.6994472 robobot/cmd/ti alive 2026-02-13 14:34:22.677207
1770989665.745537 0 0.463 -0.002 0.029 1 0.00 0.00 0.000 0.000 0 0.451 0.029 0.4513 0.0289
1770989665.7915637 0 0.472 -0.002 0.029 1 0.00 0.00 0.000 0.000 0 0.458 0.029 0.4582 0.0289
1770989665.7959328 0 0.472 -0.002 0.027 1 0.00 0.00 0.000 0.000 0 0.460 0.027 0.4603 0.0266
1770989665.8461623 0 0.482 -0.001 0.030 1 0.00 0.00 0.000 0.000 0 0.469 0.030 0.4694 0.0301
1770989665.8909414 0 0.489 -0.001 0.024 1 0.00 0.00 0.000 0.000 0 0.479 0.024 0.4789 0.0243
1770989665.8962748 0 0.491 -0.001 0.024 1 0.00 0.00 0.000 0.000 0 0.479 0.024 0.4789 0.0243
1770989665.9465609 0 0.501 -0.001 0.023 1 0.00 0.00 0.000 0.000 0 0.490 0.023 0.4897 0.0231
1770989665.990744 0 0.508 -0.001 0.007 1 0.00 0.00 0.000 0.000 0 0.498 0.007 0.4978 0.0069
1770989665.9962597 0 0.511 -0.001 0.015 1 0.00 0.00 0.000 0.000 0 0.499 0.015 0.4993 0.0150
1770989666.0465457 0 0.521 -0.001 0.014 1 0.00 0.00 0.000 0.000 0 0.511 0.014 0.5110 0.0139
1770989666.0906181 0 0.527 -0.001 0.000 1 0.00 0.00 0.000 0.000 0 0.519 0.000 0.5193 0.0000
1770989666.0971103 0 0.530 -0.001 0.005 1 0.00 0.00 0.000 0.000 0 0.519 0.005 0.5193 0.0046
1770989666.1472914 0 0.539 -0.001 -0.006 1 0.00 0.00 0.000 0.000 0 0.530 -0.006 0.5303 -0.0058
1770989666.1911387 0 0.546 -0.001 -0.012 1 0.00 0.00 0.000 0.000 0 0.539 -0.012 0.5394 -0.0116
1770989666.1966977 0 0.547 -0.001 -0.022 1 0.00 0.00 0.000 0.000 0 0.541 -0.022 0.5406 -0.0220
% 1770989666.2003174 robobot/cmd/ti alive 2026-02-13 14:34:22.677207
1770989666.2469418 0 0.557 -0.001 -0.023 1 0.00 0.00 0.000 0.000 0 0.551 -0.023 0.5509 -0.0231
1770989666.2916238 0 0.564 -0.001 -0.028 1 0.00 0.00 0.000 0.000 0 0.560 -0.028 0.5601 -0.0278
1770989666.2971113 0 0.565 -0.001 -0.035 1 0.00 0.00 0.000 0.000 0 0.560 -0.035 0.5601 -0.0347
1770989666.346387 0 0.574 -0.002 -0.044 1 0.00 0.00 0.000 0.000 0 0.571 -0.044 0.5709 -0.0439
1770989666.3913863 0 0.582 -0.002 -0.042 1 0.00 0.00 0.000 0.000 0 0.579 -0.042 0.5790 -0.0416
1770989666.3968384 0 0.584 -0.002 -0.046 1 0.00 0.00 0.000 0.000 0 0.582 -0.046 0.5815 -0.0463
1770989666.447006 0 0.593 -0.002 -0.049 1 0.00 0.00 0.000 0.000 0 0.590 -0.049 0.5903 -0.0486
1770989666.4910672 0 0.600 -0.003 -0.051 1 0.00 0.00 0.000 0.000 0 0.599 -0.051 0.5995 -0.0509
1770989666.4965057 0 0.602 -0.003 -0.052 1 0.00 0.00 0.000 0.000 0 0.599 -0.052 0.5995 -0.0520
1770989666.5471015 0 0.612 -0.003 -0.050 1 0.00 0.00 0.000 0.000 0 0.610 -0.050 0.6100 -0.0497
1770989666.590807 0 0.621 -0.004 -0.039 1 0.00 0.00 0.000 0.000 0 0.619 -0.039 0.6190 -0.0393
1770989666.5973 0 0.622 -0.004 -0.045 1 0.00 0.00 0.000 0.000 0 0.621 -0.045 0.6210 -0.0451
1770989666.6479735 0 0.633 -0.004 -0.038 1 0.00 0.00 0.000 0.000 0 0.629 -0.038 0.6293 -0.0382
1770989666.691389 0 0.640 -0.005 -0.044 1 0.00 0.00 0.000 0.000 0 0.639 -0.044 0.6389 -0.0439
1770989666.6980405 0 0.643 -0.005 -0.043 1 0.00 0.00 0.000 0.000 0 0.640 -0.043 0.6403 -0.0428
% 1770989666.701162 robobot/cmd/ti alive 2026-02-13 14:34:22.677207
1770989666.748017 0 0.652 -0.005 -0.044 1 0.00 0.00 0.000 0.000 0 0.651 -0.044 0.6509 -0.0439
1770989666.791688 0 0.659 -0.005 -0.060 1 0.00 0.00 0.000 0.000 0 0.659 -0.060 0.6587 -0.0601
1770989666.7973142 0 0.660 -0.005 -0.066 1 0.00 0.00 0.000 0.000 0 0.660 -0.066 0.6596 -0.0659
1770989666.847405 0 0.669 -0.006 -0.072 1 0.00 0.00 0.000 0.000 0 0.670 -0.072 0.6698 -0.0717
1770989666.8917427 0 0.677 -0.007 -0.080 1 0.00 0.00 0.000 0.000 0 0.679 -0.080 0.6793 -0.0798
1770989666.8974028 0 0.678 -0.007 -0.084 1 0.00 0.00 0.000 0.000 0 0.681 -0.084 0.6808 -0.0844
1770989666.9473379 0 0.688 -0.008 -0.088 1 0.00 0.00 0.000 0.000 0 0.691 -0.088 0.6909 -0.0879
1770989666.991902 0 0.696 -0.008 -0.090 1 0.00 0.00 0.000 0.000 0 0.698 -0.090 0.6977 -0.0902
1770989666.9974856 0 0.698 -0.009 -0.092 1 0.00 0.00 0.000 0.000 0 0.700 -0.092 0.7003 -0.0925
1770989667.0474849 0 0.707 -0.009 -0.101 1 0.00 0.00 0.000 0.000 0 0.709 -0.101 0.7094 -0.1006
1770989667.0911233 0 0.714 -0.010 -0.108 1 0.00 0.00 0.000 0.000 0 0.719 -0.108 0.7188 -0.1076
1770989667.0977306 0 0.716 -0.010 -0.106 1 0.00 0.00 0.000 0.000 0 0.720 -0.106 0.7205 -0.1064
1770989667.1478016 0 0.725 -0.011 -0.116 1 0.00 0.00 0.000 0.000 0 0.730 -0.116 0.7305 -0.1156
1770989667.1911657 0 0.735 -0.012 -0.098 1 0.00 0.00 0.000 0.000 0 0.739 -0.098 0.7393 -0.0983
1770989667.1979415 0 0.736 -0.013 -0.105 1 0.00 0.00 0.000 0.000 0 0.741 -0.105 0.7412 -0.1052
% 1770989667.2020047 robobot/cmd/ti alive 2026-02-13 14:34:22.677207
1770989667.2478933 0 0.746 -0.014 -0.100 1 0.00 0.00 0.000 0.000 0 0.750 -0.100 0.7502 -0.0995
1770989667.2915993 0 0.753 -0.014 -0.101 1 0.00 0.00 0.000 0.000 0 0.760 -0.101 0.7597 -0.1006
1770989667.2992423 0 0.755 -0.015 -0.102 1 0.00 0.00 0.000 0.000 0 0.761 -0.102 0.7610 -0.1018
1770989667.3483326 0 0.765 -0.016 -0.102 1 0.00 0.00 0.000 0.000 0 0.770 -0.102 0.7699 -0.1018
1770989667.3910098 0 0.772 -0.016 -0.106 1 0.00 0.00 0.000 0.000 0 0.779 -0.106 0.7788 -0.1064
1770989667.398758 0 0.774 -0.016 -0.113 1 0.00 0.00 0.000 0.000 0 0.780 -0.113 0.7803 -0.1133
1770989667.4489586 0 0.784 -0.018 -0.116 1 0.00 0.00 0.000 0.000 0 0.791 -0.116 0.7907 -0.1156
1770989667.4913056 0 0.792 -0.018 -0.116 1 0.00 0.00 0.000 0.000 0 0.800 -0.116 0.7998 -0.1156
1770989667.4990807 0 0.793 -0.019 -0.117 1 0.00 0.00 0.000 0.000 0 0.802 -0.117 0.8022 -0.1168
1770989667.549181 0 0.803 -0.020 -0.126 1 0.00 0.00 0.000 0.000 0 0.812 -0.126 0.8120 -0.1261
1770989667.5917492 0 0.809 -0.021 -0.137 1 0.00 0.00 0.000 0.000 0 0.819 -0.137 0.8192 -0.1365
1770989667.598378 0 0.811 -0.021 -0.143 1 0.00 0.00 0.000 0.000 0 0.820 -0.143 0.8204 -0.1434
1770989667.648872 0 0.820 -0.022 -0.148 1 0.00 0.00 0.000 0.000 0 0.829 -0.148 0.8294 -0.1480
1770989667.6921551 0 0.827 -0.023 -0.157 1 0.00 0.00 0.000 0.000 0 0.840 -0.157 0.8396 -0.1573
1770989667.6988752 0 0.830 -0.024 -0.156 1 0.00 0.00 0.000 0.000 0 0.841 -0.156 0.8407 -0.1561
% 1770989667.7029335 robobot/cmd/ti alive 2026-02-13 14:34:22.677207
1770989667.7491288 0 0.838 -0.025 -0.170 1 0.00 0.00 0.000 0.000 0 0.851 -0.170 0.8513 -0.1700
1770989667.7917266 0 0.845 -0.026 -0.176 1 0.00 0.00 0.000 0.000 0 0.859 -0.176 0.8595 -0.1758
1770989667.7995112 0 0.846 -0.026 -0.185 1 0.00 0.00 0.000 0.000 0 0.861 -0.185 0.8608 -0.1850
1770989667.8494468 0 0.856 -0.028 -0.183 1 0.00 0.00 0.000 0.000 0 0.871 -0.183 0.8709 -0.1827
1770989667.8918383 0 0.864 -0.030 -0.183 1 0.00 0.00 0.000 0.000 0 0.879 -0.183 0.8793 -0.1827
1770989667.8995314 0 0.866 -0.030 -0.182 1 0.00 0.00 0.000 0.000 0 0.882 -0.182 0.8817 -0.1816
1770989667.9496465 0 0.875 -0.032 -0.186 1 0.00 0.00 0.000 0.000 0 0.891 -0.186 0.8915 -0.1862
1770989667.9912105 0 0.882 -0.033 -0.185 1 0.00 0.00 0.000 0.000 0 0.898 -0.185 0.8982 -0.1850
1770989668.0000377 0 0.884 -0.033 -0.187 1 0.00 0.00 0.000 0.000 0 0.899 -0.187 0.8988 -0.1874
1770989668.0502667 0 0.893 -0.035 -0.191 1 0.00 0.00 0.000 0.000 0 0.910 -0.191 0.9099 -0.1908
1770989668.0914192 0 0.901 -0.037 -0.193 1 0.00 0.00 0.000 0.000 0 0.918 -0.193 0.9181 -0.1931
1770989668.100242 0 0.903 -0.037 -0.193 1 0.00 0.00 0.000 0.000 0 0.920 -0.193 0.9202 -0.1931
1770989668.1497328 0 0.911 -0.039 -0.206 1 0.00 0.00 0.000 0.000 0 0.930 -0.206 0.9300 -0.2059
1770989668.1913307 0 0.921 -0.041 -0.198 1 0.00 0.00 0.000 0.000 0 0.937 -0.198 0.9374 -0.1978
1770989668.2001352 0 0.922 -0.041 -0.206 1 0.00 0.00 0.000 0.000 0 0.940 -0.206 0.9400 -0.2059
% 1770989668.203754 robobot/cmd/ti alive 2026-02-13 14:34:22.677207
1770989668.249723 0 0.932 -0.043 -0.208 1 0.00 0.00 0.000 0.000 0 0.952 -0.208 0.9519 -0.2082
1770989668.2917297 0 0.938 -0.044 -0.219 1 0.00 0.00 0.000 0.000 0 0.960 -0.219 0.9598 -0.2186
1770989668.299605 0 0.940 -0.045 -0.226 1 0.00 0.00 0.000 0.000 0 0.962 -0.226 0.9616 -0.2255
1770989668.349753 0 0.950 -0.047 -0.224 1 0.00 0.00 0.000 0.000 0 0.971 -0.224 0.9713 -0.2244
1770989668.3913925 0 0.956 -0.049 -0.243 1 0.00 0.00 0.000 0.000 0 0.978 -0.243 0.9781 -0.2429
1770989668.4002852 0 0.959 -0.049 -0.231 1 0.00 0.00 0.000 0.000 0 0.979 -0.231 0.9791 -0.2313
1770989668.450413 0 0.969 -0.052 -0.230 1 0.00 0.00 0.000 0.000 0 0.990 -0.230 0.9900 -0.2301
1770989668.4916878 0 0.977 -0.053 -0.228 1 0.00 0.00 0.000 0.000 0 0.998 -0.228 0.9980 -0.2278
1770989668.500452 0 0.980 -0.054 -0.223 1 0.00 0.00 0.000 0.000 0 1.000 -0.223 0.9996 -0.2232
% 1770989668.5200915 robobot/cmd/ti rc 0.0 0.0
% 1770989668.5205824 robobot/cmd/T0 servo 1 0 0
1770989668.549533 0 0.986 -0.056 -0.242 1 0.00 0.00 0.000 0.000 0 1.008 -0.242 1.0076 -0.2417
1770989668.5914469 0 0.991 -0.057 -0.247 1 0.00 0.00 0.000 0.000 0 1.013 -0.247 1.0126 -0.2475
1770989668.6003685 0 0.991 -0.057 -0.251 1 0.00 0.00 0.000 0.000 0 1.013 -0.251 1.0133 -0.2510
1770989668.6504152 0 0.992 -0.057 -0.257 1 0.00 0.00 0.000 0.000 0 1.015 -0.257 1.0149 -0.2567
1770989668.6916823 0 0.994 -0.057 -0.233 1 0.00 0.00 0.000 0.000 0 1.016 -0.233 1.0156 -0.2325
1770989668.7004952 0 0.994 -0.058 -0.230 1 0.00 0.00 0.000 0.000 0 1.016 -0.230 1.0163 -0.2301
% 1770989668.7046158 robobot/cmd/ti alive 2026-02-13 14:34:22.677207
1770989668.7505307 0 0.996 -0.058 -0.207 1 0.00 0.00 0.000 0.000 0 1.017 -0.207 1.0168 -0.2070
1770989668.7915242 0 0.997 -0.058 -0.201 1 0.00 0.00 0.000 0.000 0 1.016 -0.201 1.0158 -0.2012
1770989668.8013175 0 0.998 -0.058 -0.193 1 0.00 0.00 0.000 0.000 0 1.016 -0.193 1.0160 -0.1931
1770989668.850542 0 1.000 -0.059 -0.178 1 0.00 0.00 0.000 0.000 0 1.016 -0.178 1.0161 -0.1781
1770989668.8917747 0 1.001 -0.059 -0.169 1 0.00 0.00 0.000 0.000 0 1.016 -0.169 1.0160 -0.1688
1770989668.900599 0 1.001 -0.059 -0.165 1 0.00 0.00 0.000 0.000 0 1.016 -0.165 1.0165 -0.1654
1770989668.9506695 0 1.003 -0.059 -0.147 1 0.00 0.00 0.000 0.000 0 1.017 -0.147 1.0173 -0.1469
1770989668.9921832 0 1.004 -0.059 -0.143 1 0.00 0.00 0.000 0.000 0 1.018 -0.143 1.0175 -0.1434
1770989669.0010908 0 1.004 -0.059 -0.143 1 0.00 0.00 0.000 0.000 0 1.017 -0.143 1.0174 -0.1434
1770989669.0511785 0 1.005 -0.060 -0.134 1 0.00 0.00 0.000 0.000 0 1.017 -0.134 1.0167 -0.1342
1770989669.0915103 0 1.005 -0.060 -0.133 1 0.00 0.00 0.000 0.000 0 1.016 -0.133 1.0159 -0.1330
1770989669.1013129 0 1.005 -0.060 -0.134 1 0.00 0.00 0.000 0.000 0 1.016 -0.134 1.0162 -0.1342
1770989669.1504967 0 1.005 -0.060 -0.134 1 0.00 0.00 0.000 0.000 0 1.016 -0.134 1.0155 -0.1342
1770989669.1922247 0 1.005 -0.060 -0.134 1 0.00 0.00 0.000 0.000 0 1.015 -0.134 1.0153 -0.1342
1770989669.2010334 0 1.005 -0.060 -0.135 1 0.00 0.00 0.000 0.000 0 1.015 -0.135 1.0152 -0.1353
% 1770989669.205464 robobot/cmd/ti alive 2026-02-13 14:34:22.677207
1770989669.251338 0 1.005 -0.060 -0.134 1 0.00 0.00 0.000 0.000 0 1.015 -0.134 1.0150 -0.1342
1770989669.2926884 0 1.005 -0.060 -0.134 1 0.00 0.00 0.000 0.000 0 1.015 -0.134 1.0153 -0.1342
1770989669.3015373 0 1.005 -0.060 -0.134 1 0.00 0.00 0.000 0.000 0 1.015 -0.134 1.0154 -0.1342
1770989669.3516347 0 1.005 -0.060 -0.134 1 0.00 0.00 0.000 0.000 0 1.016 -0.134 1.0157 -0.1342
1770989669.393091 0 1.005 -0.060 -0.134 1 0.00 0.00 0.000 0.000 0 1.016 -0.134 1.0159 -0.1342
1770989669.401875 0 1.005 -0.060 -0.134 1 0.00 0.00 0.000 0.000 0 1.016 -0.134 1.0159 -0.1342
1770989669.4521632 0 1.005 -0.060 -0.134 1 0.00 0.00 0.000 0.000 0 1.016 -0.134 1.0161 -0.1342
1770989669.4923055 0 1.005 -0.060 -0.134 1 0.00 0.00 0.000 0.000 0 1.016 -0.134 1.0162 -0.1342
1770989669.5028372 0 1.005 -0.060 -0.134 1 0.00 0.00 0.000 0.000 0 1.016 -0.134 1.0162 -0.1342
1770989669.551382 0 1.005 -0.060 -0.134 1 0.00 0.00 0.000 0.000 0 1.016 -0.134 1.0163 -0.1342
1770989669.5928252 0 1.005 -0.060 -0.134 1 0.00 0.00 0.000 0.000 0 1.016 -0.134 1.0163 -0.1342
1770989669.6017244 0 1.005 -0.060 -0.134 1 0.00 0.00 0.000 0.000 0 1.016 -0.134 1.0163 -0.1342
1770989669.6518738 0 1.005 -0.060 -0.134 1 0.00 0.00 0.000 0.000 0 1.016 -0.134 1.0164 -0.1342
1770989669.6932654 0 1.005 -0.060 -0.134 1 0.00 0.00 0.000 0.000 0 1.016 -0.134 1.0165 -0.1342
1770989669.7020564 0 1.005 -0.060 -0.134 1 0.00 0.00 0.000 0.000 0 1.016 -0.134 1.0165 -0.1342
% 1770989669.7063055 robobot/cmd/ti alive 2026-02-13 14:34:22.677207
1770989669.7523506 0 1.005 -0.060 -0.134 1 0.00 0.00 0.000 0.000 0 1.017 -0.134 1.0165 -0.1342
1770989669.793155 0 1.005 -0.060 -0.134 1 0.00 0.00 0.000 0.000 0 1.017 -0.134 1.0165 -0.1342
1770989669.8024437 0 1.005 -0.060 -0.134 1 0.00 0.00 0.000 0.000 0 1.017 -0.134 1.0165 -0.1342
% 1770989669.8246193 robobot/cmd/ti rc 0.0 0.0
% 1770989669.8249435 robobot/cmd/T0 leds 16 0 0 0
% 1770989669.824977 % State change from -1 to 100
1770989669.8526657 0 1.005 -0.060 -0.134 1 0.00 0.00 0.000 0.000 0 1.017 -0.134 1.0165 -0.1342
1770989669.8925416 0 1.005 -0.060 -0.134 1 0.00 0.00 0.000 0.000 0 1.017 -0.134 1.0165 -0.1342
1770989669.902527 0 1.005 -0.060 -0.134 1 0.00 0.00 0.000 0.000 0 1.017 -0.134 1.0165 -0.1342
% 1770989669.9252243 robobot/cmd/T0 leds 16 0 0 0
% 1770989669.9253862 robobot/cmd/ti rc 0 0
% 1770989669.9255059 robobot/cmd/T0 servo 1 0 0
1770989669.9525719 0 1.005 -0.060 -0.134 1 0.00 0.00 0.000 0.000 0 1.017 -0.134 1.0165 -0.1342
1770989669.9931567 0 1.005 -0.060 -0.134 1 0.00 0.00 0.000 0.000 0 1.017 -0.134 1.0165 -0.1342
% 1770989669.9958534 robobot/cmd/ti rc 0 0
1770989670.0030231 0 1.005 -0.060 -0.134 1 0.00 0.00 0.000 0.000 0 1.017 -0.134 1.0165 -0.1342
% 1770989670.0160725 robobot/cmd/T0 stop
% 1770989670.0162191 robobot/cmd/T0 leds 14 0 0 0
% 1770989670.0264041 robobot/cmd/T0 leds 15 0 0 0
% 1770989670.0265312 robobot/cmd/T0 leds 16 0 0 0
% 1770989670.0367703 robobot/cmd/ti log 0
